1 0.11798152096659557 0.8015058635394458 0.16213574982231693 0.35758706467661705
1 0.26901208244491825 0.787069118692253 0.11771499644633973 0.39090262970859985
1 0.4156005685856432 0.771521855010661 0.15325159914712153 0.41089196872778966
1 0.5871757285003554 0.7482009594882729 0.15880419331911863 0.46197583511016355
1 0.8253820184790335 0.7143301350390902 0.2776297085998578 0.5652540867093107
1 0.10743159203980099 0.24680170575692958 0.10772032693674491 0.43199182658137875
1 0.23680703624733473 0.26512526652452023 0.09772565742714992 0.3909026297085998
1 0.36507196162046907 0.2629042288557214 0.10327825159914711 0.3975657427149964
1 0.48889481165600573 0.26512526652452023 0.10216773276474778 0.3909026297085998
1 0.6332622601279316 0.18294687277896232 0.08662046908315564 0.30428216062544416
1 0.7259905828002843 0.1846126510305615 0.08328891257995744 0.30539267945984366
1 0.81261105188344 0.1857231698649609 0.08550995024875635 0.3076137171286425
1 0.9020078180525941 0.18516791044776118 0.08662046908315564 0.30650319829424305