1 0.11464996446339727 0.6199360341151386 0.11549395877754089 0.5941275764036958
1 0.20182569296375266 0.6149386993603411 0.08106787491115842 0.5708066808813077
1 0.2934434968017057 0.6116071428571429 0.09994669509594885 0.5863539445628999
1 0.34730366027007814 0.6915644989339019 0.11438343994314139 0.49751243781094534
1 0.4339241293532338 0.6232675906183369 0.11438343994314139 0.5963486140724947
1 0.5161025230987918 0.6354832977967306 0.08773098791755493 0.5719171997157072
1 0.5399786780383795 0.361185145700071 0.11327292110874188 0.2965085287846481
1 0.6288201847903341 0.5938388415067519 0.1421464108031272 0.7040689410092396
1 0.7326536958066809 0.6166044776119403 0.0943941009239517 0.6118958777540867
1 0.8131663113006398 0.5483075692963753 0.12659914712153508 0.7173951670220327
1 0.8958999644633973 0.6510305614783226 0.12104655294953795 0.5497068230277184