1 0.17572850035536602 0.5921730632551527 0.1932302771855011 0.6007906894100925
1 0.32731432125088844 0.609386105188344 0.13881485429992904 0.5885749822316987
1 0.40893745557924666 0.7287668798862829 0.15103056147832278 0.4808546552949538
1 0.5260971926083867 0.6216018123667377 0.12548862828713578 0.5841329068941009
1 0.6460332267235253 0.738206289978678 0.12993070362473347 0.47308102345415776
1 0.7809612651030562 0.6238228500355366 0.12437810945273634 0.6196695095948828
1 0.6638015280739161 0.46723969438521673 0.13881485429992882 0.33315565031982936
1 0.5610785358919688 0.4211531627576403 0.10438877043354652 0.3453713574982231
1 0.4489161336176261 0.40227434257285 0.12215707178393741 0.21655117270788907
1 0.9380996801705758 0.6127176616915423 0.11882551528073919 0.5419331911869225
1 0.7193274697938877 0.2712331201137171 0.19434079601990056 0.30095060412224595
1 0.11742626154939584 0.3989427860696518 0.1965618336886994 0.7873578535891969
1 0.35119047619047616 0.23069918265813788 0.17546197583511017 0.26652452025586354
1 0.5277629708599858 0.16795486851457 0.1954513148543 0.32760305614783225